digraph Tree {
node [shape=box] ;
0 [label="X[0] <= 0.81\ngini = 0.941\nsamples = 145\nvalue = [2, 2, 12, 9, 8, 14, 9, 13, 11, 11, 8, 5, 7\n5, 5, 3, 3, 3, 3, 3, 2, 1, 2, 1, 1, 1, 1]"] ;
1 [label="X[4] <= 0.236\ngini = 0.933\nsamples = 109\nvalue = [0, 2, 12, 8, 8, 14, 7, 9, 6, 5, 5, 3, 7, 2\n3, 3, 0, 3, 2, 2, 1, 1, 2, 1, 1, 1, 1]"] ;
0 -> 1 [labeldistance=2.5, labelangle=45, headlabel="True"] ;
2 [label="X[5] <= -0.58\ngini = 0.905\nsamples = 67\nvalue = [0, 2, 11, 7, 7, 9, 5, 7, 5, 2, 1, 1, 1, 0\n0, 2, 0, 2, 2, 1, 0, 0, 0, 1, 1, 0, 0]"] ;
1 -> 2 ;
3 [label="X[2] <= 1.221\ngini = 0.818\nsamples = 22\nvalue = [0, 0, 2, 0, 2, 8, 1, 3, 1, 1, 1, 0, 0, 0\n0, 1, 0, 0, 0, 1, 0, 0, 0, 0, 1, 0, 0]"] ;
2 -> 3 ;
4 [label="X[4] <= -0.695\ngini = 0.741\nsamples = 18\nvalue = [0, 0, 2, 0, 2, 8, 0, 3, 1, 1, 0, 0, 0, 0\n0, 1, 0, 0, 0, 0, 0, 0, 0, 0, 0, 0, 0]"] ;
3 -> 4 ;
5 [label="X[3] <= -0.749\ngini = 0.408\nsamples = 7\nvalue = [0, 0, 0, 0, 0, 5, 0, 2, 0, 0, 0, 0, 0, 0\n0, 0, 0, 0, 0, 0, 0, 0, 0, 0, 0, 0, 0]"] ;
4 -> 5 ;
6 [label="gini = 0.0\nsamples = 1\nvalue = [0, 0, 0, 0, 0, 0, 0, 1, 0, 0, 0, 0, 0, 0\n0, 0, 0, 0, 0, 0, 0, 0, 0, 0, 0, 0, 0]"] ;
5 -> 6 ;
7 [label="X[5] <= -0.633\ngini = 0.278\nsamples = 6\nvalue = [0, 0, 0, 0, 0, 5, 0, 1, 0, 0, 0, 0, 0, 0\n0, 0, 0, 0, 0, 0, 0, 0, 0, 0, 0, 0, 0]"] ;
5 -> 7 ;
8 [label="gini = 0.0\nsamples = 3\nvalue = [0, 0, 0, 0, 0, 3, 0, 0, 0, 0, 0, 0, 0, 0\n0, 0, 0, 0, 0, 0, 0, 0, 0, 0, 0, 0, 0]"] ;
7 -> 8 ;
9 [label="X[4] <= -0.863\ngini = 0.444\nsamples = 3\nvalue = [0, 0, 0, 0, 0, 2, 0, 1, 0, 0, 0, 0, 0, 0\n0, 0, 0, 0, 0, 0, 0, 0, 0, 0, 0, 0, 0]"] ;
7 -> 9 ;
10 [label="gini = 0.0\nsamples = 1\nvalue = [0, 0, 0, 0, 0, 1, 0, 0, 0, 0, 0, 0, 0, 0\n0, 0, 0, 0, 0, 0, 0, 0, 0, 0, 0, 0, 0]"] ;
9 -> 10 ;
11 [label="X[5] <= -0.596\ngini = 0.5\nsamples = 2\nvalue = [0, 0, 0, 0, 0, 1, 0, 1, 0, 0, 0, 0, 0, 0\n0, 0, 0, 0, 0, 0, 0, 0, 0, 0, 0, 0, 0]"] ;
9 -> 11 ;
12 [label="gini = 0.0\nsamples = 1\nvalue = [0, 0, 0, 0, 0, 0, 0, 1, 0, 0, 0, 0, 0, 0\n0, 0, 0, 0, 0, 0, 0, 0, 0, 0, 0, 0, 0]"] ;
11 -> 12 ;
13 [label="gini = 0.0\nsamples = 1\nvalue = [0, 0, 0, 0, 0, 1, 0, 0, 0, 0, 0, 0, 0, 0\n0, 0, 0, 0, 0, 0, 0, 0, 0, 0, 0, 0, 0]"] ;
11 -> 13 ;
14 [label="X[4] <= 0.064\ngini = 0.826\nsamples = 11\nvalue = [0, 0, 2, 0, 2, 3, 0, 1, 1, 1, 0, 0, 0, 0\n0, 1, 0, 0, 0, 0, 0, 0, 0, 0, 0, 0, 0]"] ;
4 -> 14 ;
15 [label="X[4] <= -0.192\ngini = 0.84\nsamples = 9\nvalue = [0, 0, 2, 0, 2, 1, 0, 1, 1, 1, 0, 0, 0, 0\n0, 1, 0, 0, 0, 0, 0, 0, 0, 0, 0, 0, 0]"] ;
14 -> 15 ;
16 [label="X[1] <= -1.004\ngini = 0.778\nsamples = 6\nvalue = [0, 0, 0, 0, 2, 1, 0, 1, 1, 0, 0, 0, 0, 0\n0, 1, 0, 0, 0, 0, 0, 0, 0, 0, 0, 0, 0]"] ;
15 -> 16 ;
17 [label="gini = 0.0\nsamples = 2\nvalue = [0, 0, 0, 0, 2, 0, 0, 0, 0, 0, 0, 0, 0, 0\n0, 0, 0, 0, 0, 0, 0, 0, 0, 0, 0, 0, 0]"] ;
16 -> 17 ;
18 [label="X[3] <= -0.52\ngini = 0.75\nsamples = 4\nvalue = [0, 0, 0, 0, 0, 1, 0, 1, 1, 0, 0, 0, 0, 0\n0, 1, 0, 0, 0, 0, 0, 0, 0, 0, 0, 0, 0]"] ;
16 -> 18 ;
19 [label="gini = 0.0\nsamples = 1\nvalue = [0, 0, 0, 0, 0, 0, 0, 1, 0, 0, 0, 0, 0, 0\n0, 0, 0, 0, 0, 0, 0, 0, 0, 0, 0, 0, 0]"] ;
18 -> 19 ;
20 [label="X[3] <= -0.091\ngini = 0.667\nsamples = 3\nvalue = [0, 0, 0, 0, 0, 1, 0, 0, 1, 0, 0, 0, 0, 0\n0, 1, 0, 0, 0, 0, 0, 0, 0, 0, 0, 0, 0]"] ;
18 -> 20 ;
21 [label="gini = 0.0\nsamples = 1\nvalue = [0, 0, 0, 0, 0, 0, 0, 0, 1, 0, 0, 0, 0, 0\n0, 0, 0, 0, 0, 0, 0, 0, 0, 0, 0, 0, 0]"] ;
20 -> 21 ;
22 [label="X[1] <= -0.547\ngini = 0.5\nsamples = 2\nvalue = [0, 0, 0, 0, 0, 1, 0, 0, 0, 0, 0, 0, 0, 0\n0, 1, 0, 0, 0, 0, 0, 0, 0, 0, 0, 0, 0]"] ;
20 -> 22 ;
23 [label="gini = 0.0\nsamples = 1\nvalue = [0, 0, 0, 0, 0, 0, 0, 0, 0, 0, 0, 0, 0, 0\n0, 1, 0, 0, 0, 0, 0, 0, 0, 0, 0, 0, 0]"] ;
22 -> 23 ;
24 [label="gini = 0.0\nsamples = 1\nvalue = [0, 0, 0, 0, 0, 1, 0, 0, 0, 0, 0, 0, 0, 0\n0, 0, 0, 0, 0, 0, 0, 0, 0, 0, 0, 0, 0]"] ;
22 -> 24 ;
25 [label="X[4] <= 0.033\ngini = 0.444\nsamples = 3\nvalue = [0, 0, 2, 0, 0, 0, 0, 0, 0, 1, 0, 0, 0, 0\n0, 0, 0, 0, 0, 0, 0, 0, 0, 0, 0, 0, 0]"] ;
15 -> 25 ;
26 [label="gini = 0.0\nsamples = 2\nvalue = [0, 0, 2, 0, 0, 0, 0, 0, 0, 0, 0, 0, 0, 0\n0, 0, 0, 0, 0, 0, 0, 0, 0, 0, 0, 0, 0]"] ;
25 -> 26 ;
27 [label="gini = 0.0\nsamples = 1\nvalue = [0, 0, 0, 0, 0, 0, 0, 0, 0, 1, 0, 0, 0, 0\n0, 0, 0, 0, 0, 0, 0, 0, 0, 0, 0, 0, 0]"] ;
25 -> 27 ;
28 [label="gini = 0.0\nsamples = 2\nvalue = [0, 0, 0, 0, 0, 2, 0, 0, 0, 0, 0, 0, 0, 0\n0, 0, 0, 0, 0, 0, 0, 0, 0, 0, 0, 0, 0]"] ;
14 -> 28 ;
29 [label="X[0] <= -0.858\ngini = 0.75\nsamples = 4\nvalue = [0, 0, 0, 0, 0, 0, 1, 0, 0, 0, 1, 0, 0, 0\n0, 0, 0, 0, 0, 1, 0, 0, 0, 0, 1, 0, 0]"] ;
3 -> 29 ;
30 [label="gini = 0.0\nsamples = 1\nvalue = [0, 0, 0, 0, 0, 0, 0, 0, 0, 0, 0, 0, 0, 0\n0, 0, 0, 0, 0, 1, 0, 0, 0, 0, 0, 0, 0]"] ;
29 -> 30 ;
31 [label="X[5] <= -0.723\ngini = 0.667\nsamples = 3\nvalue = [0, 0, 0, 0, 0, 0, 1, 0, 0, 0, 1, 0, 0, 0\n0, 0, 0, 0, 0, 0, 0, 0, 0, 0, 1, 0, 0]"] ;
29 -> 31 ;
32 [label="gini = 0.0\nsamples = 1\nvalue = [0, 0, 0, 0, 0, 0, 0, 0, 0, 0, 1, 0, 0, 0\n0, 0, 0, 0, 0, 0, 0, 0, 0, 0, 0, 0, 0]"] ;
31 -> 32 ;
33 [label="X[4] <= 0.084\ngini = 0.5\nsamples = 2\nvalue = [0, 0, 0, 0, 0, 0, 1, 0, 0, 0, 0, 0, 0, 0\n0, 0, 0, 0, 0, 0, 0, 0, 0, 0, 1, 0, 0]"] ;
31 -> 33 ;
34 [label="gini = 0.0\nsamples = 1\nvalue = [0, 0, 0, 0, 0, 0, 1, 0, 0, 0, 0, 0, 0, 0\n0, 0, 0, 0, 0, 0, 0, 0, 0, 0, 0, 0, 0]"] ;
33 -> 34 ;
35 [label="gini = 0.0\nsamples = 1\nvalue = [0, 0, 0, 0, 0, 0, 0, 0, 0, 0, 0, 0, 0, 0\n0, 0, 0, 0, 0, 0, 0, 0, 0, 0, 1, 0, 0]"] ;
33 -> 35 ;
36 [label="X[3] <= -0.292\ngini = 0.891\nsamples = 45\nvalue = [0, 2, 9, 7, 5, 1, 4, 4, 4, 1, 0, 1, 1, 0\n0, 1, 0, 2, 2, 0, 0, 0, 0, 1, 0, 0, 0]"] ;
2 -> 36 ;
37 [label="X[3] <= -0.737\ngini = 0.831\nsamples = 26\nvalue = [0, 2, 6, 7, 3, 0, 0, 2, 3, 1, 0, 1, 0, 0\n0, 0, 0, 0, 0, 0, 0, 0, 0, 1, 0, 0, 0]"] ;
36 -> 37 ;
38 [label="X[4] <= -0.967\ngini = 0.444\nsamples = 3\nvalue = [0, 0, 0, 0, 2, 0, 0, 0, 0, 0, 0, 1, 0, 0\n0, 0, 0, 0, 0, 0, 0, 0, 0, 0, 0, 0, 0]"] ;
37 -> 38 ;
39 [label="gini = 0.0\nsamples = 1\nvalue = [0, 0, 0, 0, 0, 0, 0, 0, 0, 0, 0, 1, 0, 0\n0, 0, 0, 0, 0, 0, 0, 0, 0, 0, 0, 0, 0]"] ;
38 -> 39 ;
40 [label="gini = 0.0\nsamples = 2\nvalue = [0, 0, 0, 0, 2, 0, 0, 0, 0, 0, 0, 0, 0, 0\n0, 0, 0, 0, 0, 0, 0, 0, 0, 0, 0, 0, 0]"] ;
38 -> 40 ;
41 [label="X[3] <= -0.566\ngini = 0.802\nsamples = 23\nvalue = [0, 2, 6, 7, 1, 0, 0, 2, 3, 1, 0, 0, 0, 0\n0, 0, 0, 0, 0, 0, 0, 0, 0, 1, 0, 0, 0]"] ;
37 -> 41 ;
42 [label="X[3] <= -0.673\ngini = 0.805\nsamples = 13\nvalue = [0, 0, 4, 2, 1, 0, 0, 1, 3, 1, 0, 0, 0, 0\n0, 0, 0, 0, 0, 0, 0, 0, 0, 1, 0, 0, 0]"] ;
41 -> 42 ;
43 [label="X[5] <= 0.916\ngini = 0.72\nsamples = 5\nvalue = [0, 0, 0, 2, 0, 0, 0, 1, 0, 1, 0, 0, 0, 0\n0, 0, 0, 0, 0, 0, 0, 0, 0, 1, 0, 0, 0]"] ;
42 -> 43 ;
44 [label="X[0] <= -0.942\ngini = 0.667\nsamples = 3\nvalue = [0, 0, 0, 0, 0, 0, 0, 1, 0, 1, 0, 0, 0, 0\n0, 0, 0, 0, 0, 0, 0, 0, 0, 1, 0, 0, 0]"] ;
43 -> 44 ;
45 [label="gini = 0.0\nsamples = 1\nvalue = [0, 0, 0, 0, 0, 0, 0, 1, 0, 0, 0, 0, 0, 0\n0, 0, 0, 0, 0, 0, 0, 0, 0, 0, 0, 0, 0]"] ;
44 -> 45 ;
46 [label="X[3] <= -0.712\ngini = 0.5\nsamples = 2\nvalue = [0, 0, 0, 0, 0, 0, 0, 0, 0, 1, 0, 0, 0, 0\n0, 0, 0, 0, 0, 0, 0, 0, 0, 1, 0, 0, 0]"] ;
44 -> 46 ;
47 [label="gini = 0.0\nsamples = 1\nvalue = [0, 0, 0, 0, 0, 0, 0, 0, 0, 0, 0, 0, 0, 0\n0, 0, 0, 0, 0, 0, 0, 0, 0, 1, 0, 0, 0]"] ;
46 -> 47 ;
48 [label="gini = 0.0\nsamples = 1\nvalue = [0, 0, 0, 0, 0, 0, 0, 0, 0, 1, 0, 0, 0, 0\n0, 0, 0, 0, 0, 0, 0, 0, 0, 0, 0, 0, 0]"] ;
46 -> 48 ;
49 [label="gini = 0.0\nsamples = 2\nvalue = [0, 0, 0, 2, 0, 0, 0, 0, 0, 0, 0, 0, 0, 0\n0, 0, 0, 0, 0, 0, 0, 0, 0, 0, 0, 0, 0]"] ;
43 -> 49 ;
50 [label="X[4] <= -0.218\ngini = 0.594\nsamples = 8\nvalue = [0, 0, 4, 0, 1, 0, 0, 0, 3, 0, 0, 0, 0, 0\n0, 0, 0, 0, 0, 0, 0, 0, 0, 0, 0, 0, 0]"] ;
42 -> 50 ;
51 [label="X[2] <= -0.796\ngini = 0.56\nsamples = 5\nvalue = [0, 0, 1, 0, 1, 0, 0, 0, 3, 0, 0, 0, 0, 0\n0, 0, 0, 0, 0, 0, 0, 0, 0, 0, 0, 0, 0]"] ;
50 -> 51 ;
52 [label="X[2] <= -1.373\ngini = 0.5\nsamples = 2\nvalue = [0, 0, 1, 0, 1, 0, 0, 0, 0, 0, 0, 0, 0, 0\n0, 0, 0, 0, 0, 0, 0, 0, 0, 0, 0, 0, 0]"] ;
51 -> 52 ;
53 [label="gini = 0.0\nsamples = 1\nvalue = [0, 0, 0, 0, 1, 0, 0, 0, 0, 0, 0, 0, 0, 0\n0, 0, 0, 0, 0, 0, 0, 0, 0, 0, 0, 0, 0]"] ;
52 -> 53 ;
54 [label="gini = 0.0\nsamples = 1\nvalue = [0, 0, 1, 0, 0, 0, 0, 0, 0, 0, 0, 0, 0, 0\n0, 0, 0, 0, 0, 0, 0, 0, 0, 0, 0, 0, 0]"] ;
52 -> 54 ;
55 [label="gini = 0.0\nsamples = 3\nvalue = [0, 0, 0, 0, 0, 0, 0, 0, 3, 0, 0, 0, 0, 0\n0, 0, 0, 0, 0, 0, 0, 0, 0, 0, 0, 0, 0]"] ;
51 -> 55 ;
56 [label="gini = 0.0\nsamples = 3\nvalue = [0, 0, 3, 0, 0, 0, 0, 0, 0, 0, 0, 0, 0, 0\n0, 0, 0, 0, 0, 0, 0, 0, 0, 0, 0, 0, 0]"] ;
50 -> 56 ;
57 [label="X[4] <= -0.361\ngini = 0.66\nsamples = 10\nvalue = [0, 2, 2, 5, 0, 0, 0, 1, 0, 0, 0, 0, 0, 0\n0, 0, 0, 0, 0, 0, 0, 0, 0, 0, 0, 0, 0]"] ;
41 -> 57 ;
58 [label="X[4] <= -0.524\ngini = 0.722\nsamples = 6\nvalue = [0, 2, 2, 1, 0, 0, 0, 1, 0, 0, 0, 0, 0, 0\n0, 0, 0, 0, 0, 0, 0, 0, 0, 0, 0, 0, 0]"] ;
57 -> 58 ;
59 [label="X[2] <= -0.328\ngini = 0.625\nsamples = 4\nvalue = [0, 0, 2, 1, 0, 0, 0, 1, 0, 0, 0, 0, 0, 0\n0, 0, 0, 0, 0, 0, 0, 0, 0, 0, 0, 0, 0]"] ;
58 -> 59 ;
60 [label="X[4] <= -0.637\ngini = 0.5\nsamples = 2\nvalue = [0, 0, 0, 1, 0, 0, 0, 1, 0, 0, 0, 0, 0, 0\n0, 0, 0, 0, 0, 0, 0, 0, 0, 0, 0, 0, 0]"] ;
59 -> 60 ;
61 [label="gini = 0.0\nsamples = 1\nvalue = [0, 0, 0, 0, 0, 0, 0, 1, 0, 0, 0, 0, 0, 0\n0, 0, 0, 0, 0, 0, 0, 0, 0, 0, 0, 0, 0]"] ;
60 -> 61 ;
62 [label="gini = 0.0\nsamples = 1\nvalue = [0, 0, 0, 1, 0, 0, 0, 0, 0, 0, 0, 0, 0, 0\n0, 0, 0, 0, 0, 0, 0, 0, 0, 0, 0, 0, 0]"] ;
60 -> 62 ;
63 [label="gini = 0.0\nsamples = 2\nvalue = [0, 0, 2, 0, 0, 0, 0, 0, 0, 0, 0, 0, 0, 0\n0, 0, 0, 0, 0, 0, 0, 0, 0, 0, 0, 0, 0]"] ;
59 -> 63 ;
64 [label="gini = 0.0\nsamples = 2\nvalue = [0, 2, 0, 0, 0, 0, 0, 0, 0, 0, 0, 0, 0, 0\n0, 0, 0, 0, 0, 0, 0, 0, 0, 0, 0, 0, 0]"] ;
58 -> 64 ;
65 [label="gini = 0.0\nsamples = 4\nvalue = [0, 0, 0, 4, 0, 0, 0, 0, 0, 0, 0, 0, 0, 0\n0, 0, 0, 0, 0, 0, 0, 0, 0, 0, 0, 0, 0]"] ;
57 -> 65 ;
66 [label="X[3] <= -0.019\ngini = 0.875\nsamples = 19\nvalue = [0, 0, 3, 0, 2, 1, 4, 2, 1, 0, 0, 0, 1, 0\n0, 1, 0, 2, 2, 0, 0, 0, 0, 0, 0, 0, 0]"] ;
36 -> 66 ;
67 [label="X[3] <= -0.128\ngini = 0.64\nsamples = 5\nvalue = [0, 0, 0, 0, 0, 0, 0, 0, 0, 0, 0, 0, 1, 0\n0, 0, 0, 2, 2, 0, 0, 0, 0, 0, 0, 0, 0]"] ;
66 -> 67 ;
68 [label="X[5] <= 1.361\ngini = 0.444\nsamples = 3\nvalue = [0, 0, 0, 0, 0, 0, 0, 0, 0, 0, 0, 0, 1, 0\n0, 0, 0, 2, 0, 0, 0, 0, 0, 0, 0, 0, 0]"] ;
67 -> 68 ;
69 [label="gini = 0.0\nsamples = 2\nvalue = [0, 0, 0, 0, 0, 0, 0, 0, 0, 0, 0, 0, 0, 0\n0, 0, 0, 2, 0, 0, 0, 0, 0, 0, 0, 0, 0]"] ;
68 -> 69 ;
70 [label="gini = 0.0\nsamples = 1\nvalue = [0, 0, 0, 0, 0, 0, 0, 0, 0, 0, 0, 0, 1, 0\n0, 0, 0, 0, 0, 0, 0, 0, 0, 0, 0, 0, 0]"] ;
68 -> 70 ;
71 [label="gini = 0.0\nsamples = 2\nvalue = [0, 0, 0, 0, 0, 0, 0, 0, 0, 0, 0, 0, 0, 0\n0, 0, 0, 0, 2, 0, 0, 0, 0, 0, 0, 0, 0]"] ;
67 -> 71 ;
72 [label="X[4] <= -0.449\ngini = 0.816\nsamples = 14\nvalue = [0, 0, 3, 0, 2, 1, 4, 2, 1, 0, 0, 0, 0, 0\n0, 1, 0, 0, 0, 0, 0, 0, 0, 0, 0, 0, 0]"] ;
66 -> 72 ;
73 [label="X[4] <= -0.542\ngini = 0.625\nsamples = 4\nvalue = [0, 0, 1, 0, 0, 1, 0, 2, 0, 0, 0, 0, 0, 0\n0, 0, 0, 0, 0, 0, 0, 0, 0, 0, 0, 0, 0]"] ;
72 -> 73 ;
74 [label="X[3] <= 0.005\ngini = 0.5\nsamples = 2\nvalue = [0, 0, 1, 0, 0, 1, 0, 0, 0, 0, 0, 0, 0, 0\n0, 0, 0, 0, 0, 0, 0, 0, 0, 0, 0, 0, 0]"] ;
73 -> 74 ;
75 [label="gini = 0.0\nsamples = 1\nvalue = [0, 0, 1, 0, 0, 0, 0, 0, 0, 0, 0, 0, 0, 0\n0, 0, 0, 0, 0, 0, 0, 0, 0, 0, 0, 0, 0]"] ;
74 -> 75 ;
76 [label="gini = 0.0\nsamples = 1\nvalue = [0, 0, 0, 0, 0, 1, 0, 0, 0, 0, 0, 0, 0, 0\n0, 0, 0, 0, 0, 0, 0, 0, 0, 0, 0, 0, 0]"] ;
74 -> 76 ;
77 [label="gini = 0.0\nsamples = 2\nvalue = [0, 0, 0, 0, 0, 0, 0, 2, 0, 0, 0, 0, 0, 0\n0, 0, 0, 0, 0, 0, 0, 0, 0, 0, 0, 0, 0]"] ;
73 -> 77 ;
78 [label="X[1] <= 0.026\ngini = 0.74\nsamples = 10\nvalue = [0, 0, 2, 0, 2, 0, 4, 0, 1, 0, 0, 0, 0, 0\n0, 1, 0, 0, 0, 0, 0, 0, 0, 0, 0, 0, 0]"] ;
72 -> 78 ;
79 [label="X[3] <= 0.241\ngini = 0.625\nsamples = 4\nvalue = [0, 0, 0, 0, 2, 0, 1, 0, 0, 0, 0, 0, 0, 0\n0, 1, 0, 0, 0, 0, 0, 0, 0, 0, 0, 0, 0]"] ;
78 -> 79 ;
80 [label="gini = 0.0\nsamples = 1\nvalue = [0, 0, 0, 0, 0, 0, 1, 0, 0, 0, 0, 0, 0, 0\n0, 0, 0, 0, 0, 0, 0, 0, 0, 0, 0, 0, 0]"] ;
79 -> 80 ;
81 [label="X[4] <= -0.382\ngini = 0.444\nsamples = 3\nvalue = [0, 0, 0, 0, 2, 0, 0, 0, 0, 0, 0, 0, 0, 0\n0, 1, 0, 0, 0, 0, 0, 0, 0, 0, 0, 0, 0]"] ;
79 -> 81 ;
82 [label="gini = 0.0\nsamples = 1\nvalue = [0, 0, 0, 0, 0, 0, 0, 0, 0, 0, 0, 0, 0, 0\n0, 1, 0, 0, 0, 0, 0, 0, 0, 0, 0, 0, 0]"] ;
81 -> 82 ;
83 [label="gini = 0.0\nsamples = 2\nvalue = [0, 0, 0, 0, 2, 0, 0, 0, 0, 0, 0, 0, 0, 0\n0, 0, 0, 0, 0, 0, 0, 0, 0, 0, 0, 0, 0]"] ;
81 -> 83 ;
84 [label="X[5] <= -0.163\ngini = 0.611\nsamples = 6\nvalue = [0, 0, 2, 0, 0, 0, 3, 0, 1, 0, 0, 0, 0, 0\n0, 0, 0, 0, 0, 0, 0, 0, 0, 0, 0, 0, 0]"] ;
78 -> 84 ;
85 [label="gini = 0.0\nsamples = 1\nvalue = [0, 0, 0, 0, 0, 0, 0, 0, 1, 0, 0, 0, 0, 0\n0, 0, 0, 0, 0, 0, 0, 0, 0, 0, 0, 0, 0]"] ;
84 -> 85 ;
86 [label="X[0] <= 0.522\ngini = 0.48\nsamples = 5\nvalue = [0, 0, 2, 0, 0, 0, 3, 0, 0, 0, 0, 0, 0, 0\n0, 0, 0, 0, 0, 0, 0, 0, 0, 0, 0, 0, 0]"] ;
84 -> 86 ;
87 [label="X[3] <= 0.704\ngini = 0.444\nsamples = 3\nvalue = [0, 0, 2, 0, 0, 0, 1, 0, 0, 0, 0, 0, 0, 0\n0, 0, 0, 0, 0, 0, 0, 0, 0, 0, 0, 0, 0]"] ;
86 -> 87 ;
88 [label="gini = 0.0\nsamples = 1\nvalue = [0, 0, 0, 0, 0, 0, 1, 0, 0, 0, 0, 0, 0, 0\n0, 0, 0, 0, 0, 0, 0, 0, 0, 0, 0, 0, 0]"] ;
87 -> 88 ;
89 [label="gini = 0.0\nsamples = 2\nvalue = [0, 0, 2, 0, 0, 0, 0, 0, 0, 0, 0, 0, 0, 0\n0, 0, 0, 0, 0, 0, 0, 0, 0, 0, 0, 0, 0]"] ;
87 -> 89 ;
90 [label="gini = 0.0\nsamples = 2\nvalue = [0, 0, 0, 0, 0, 0, 2, 0, 0, 0, 0, 0, 0, 0\n0, 0, 0, 0, 0, 0, 0, 0, 0, 0, 0, 0, 0]"] ;
86 -> 90 ;
91 [label="X[5] <= -0.144\ngini = 0.929\nsamples = 42\nvalue = [0, 0, 1, 1, 1, 5, 2, 2, 1, 3, 4, 2, 6, 2\n3, 1, 0, 1, 0, 1, 1, 1, 2, 0, 0, 1, 1]"] ;
1 -> 91 ;
92 [label="X[0] <= -1.179\ngini = 0.873\nsamples = 23\nvalue = [0, 0, 1, 1, 0, 1, 0, 1, 0, 2, 4, 1, 6, 1\n1, 1, 0, 0, 0, 0, 1, 1, 1, 0, 0, 0, 0]"] ;
91 -> 92 ;
93 [label="gini = 0.0\nsamples = 2\nvalue = [0, 0, 0, 0, 0, 0, 0, 0, 0, 0, 2, 0, 0, 0\n0, 0, 0, 0, 0, 0, 0, 0, 0, 0, 0, 0, 0]"] ;
92 -> 93 ;
94 [label="X[4] <= 0.881\ngini = 0.875\nsamples = 21\nvalue = [0, 0, 1, 1, 0, 1, 0, 1, 0, 2, 2, 1, 6, 1\n1, 1, 0, 0, 0, 0, 1, 1, 1, 0, 0, 0, 0]"] ;
92 -> 94 ;
95 [label="X[1] <= -0.975\ngini = 0.84\nsamples = 9\nvalue = [0, 0, 1, 1, 0, 1, 0, 0, 0, 2, 2, 0, 1, 0\n0, 0, 0, 0, 0, 0, 1, 0, 0, 0, 0, 0, 0]"] ;
94 -> 95 ;
96 [label="gini = 0.0\nsamples = 2\nvalue = [0, 0, 0, 0, 0, 0, 0, 0, 0, 2, 0, 0, 0, 0\n0, 0, 0, 0, 0, 0, 0, 0, 0, 0, 0, 0, 0]"] ;
95 -> 96 ;
97 [label="X[2] <= -0.219\ngini = 0.816\nsamples = 7\nvalue = [0, 0, 1, 1, 0, 1, 0, 0, 0, 0, 2, 0, 1, 0\n0, 0, 0, 0, 0, 0, 1, 0, 0, 0, 0, 0, 0]"] ;
95 -> 97 ;
98 [label="X[4] <= 0.321\ngini = 0.8\nsamples = 5\nvalue = [0, 0, 1, 1, 0, 1, 0, 0, 0, 0, 0, 0, 1, 0\n0, 0, 0, 0, 0, 0, 1, 0, 0, 0, 0, 0, 0]"] ;
97 -> 98 ;
99 [label="gini = 0.0\nsamples = 1\nvalue = [0, 0, 0, 0, 0, 0, 0, 0, 0, 0, 0, 0, 0, 0\n0, 0, 0, 0, 0, 0, 1, 0, 0, 0, 0, 0, 0]"] ;
98 -> 99 ;
100 [label="X[0] <= -0.882\ngini = 0.75\nsamples = 4\nvalue = [0, 0, 1, 1, 0, 1, 0, 0, 0, 0, 0, 0, 1, 0\n0, 0, 0, 0, 0, 0, 0, 0, 0, 0, 0, 0, 0]"] ;
98 -> 100 ;
101 [label="gini = 0.0\nsamples = 1\nvalue = [0, 0, 0, 1, 0, 0, 0, 0, 0, 0, 0, 0, 0, 0\n0, 0, 0, 0, 0, 0, 0, 0, 0, 0, 0, 0, 0]"] ;
100 -> 101 ;
102 [label="X[5] <= -0.889\ngini = 0.667\nsamples = 3\nvalue = [0, 0, 1, 0, 0, 1, 0, 0, 0, 0, 0, 0, 1, 0\n0, 0, 0, 0, 0, 0, 0, 0, 0, 0, 0, 0, 0]"] ;
100 -> 102 ;
103 [label="gini = 0.0\nsamples = 1\nvalue = [0, 0, 1, 0, 0, 0, 0, 0, 0, 0, 0, 0, 0, 0\n0, 0, 0, 0, 0, 0, 0, 0, 0, 0, 0, 0, 0]"] ;
102 -> 103 ;
104 [label="X[5] <= -0.378\ngini = 0.5\nsamples = 2\nvalue = [0, 0, 0, 0, 0, 1, 0, 0, 0, 0, 0, 0, 1, 0\n0, 0, 0, 0, 0, 0, 0, 0, 0, 0, 0, 0, 0]"] ;
102 -> 104 ;
105 [label="gini = 0.0\nsamples = 1\nvalue = [0, 0, 0, 0, 0, 1, 0, 0, 0, 0, 0, 0, 0, 0\n0, 0, 0, 0, 0, 0, 0, 0, 0, 0, 0, 0, 0]"] ;
104 -> 105 ;
106 [label="gini = 0.0\nsamples = 1\nvalue = [0, 0, 0, 0, 0, 0, 0, 0, 0, 0, 0, 0, 1, 0\n0, 0, 0, 0, 0, 0, 0, 0, 0, 0, 0, 0, 0]"] ;
104 -> 106 ;
107 [label="gini = 0.0\nsamples = 2\nvalue = [0, 0, 0, 0, 0, 0, 0, 0, 0, 0, 2, 0, 0, 0\n0, 0, 0, 0, 0, 0, 0, 0, 0, 0, 0, 0, 0]"] ;
97 -> 107 ;
108 [label="X[3] <= -0.305\ngini = 0.778\nsamples = 12\nvalue = [0, 0, 0, 0, 0, 0, 0, 1, 0, 0, 0, 1, 5, 1\n1, 1, 0, 0, 0, 0, 0, 1, 1, 0, 0, 0, 0]"] ;
94 -> 108 ;
109 [label="X[1] <= -0.85\ngini = 0.75\nsamples = 4\nvalue = [0, 0, 0, 0, 0, 0, 0, 0, 0, 0, 0, 1, 0, 0\n0, 1, 0, 0, 0, 0, 0, 1, 1, 0, 0, 0, 0]"] ;
108 -> 109 ;
110 [label="gini = 0.0\nsamples = 1\nvalue = [0, 0, 0, 0, 0, 0, 0, 0, 0, 0, 0, 0, 0, 0\n0, 0, 0, 0, 0, 0, 0, 0, 1, 0, 0, 0, 0]"] ;
109 -> 110 ;
111 [label="X[4] <= 2.281\ngini = 0.667\nsamples = 3\nvalue = [0, 0, 0, 0, 0, 0, 0, 0, 0, 0, 0, 1, 0, 0\n0, 1, 0, 0, 0, 0, 0, 1, 0, 0, 0, 0, 0]"] ;
109 -> 111 ;
112 [label="gini = 0.0\nsamples = 1\nvalue = [0, 0, 0, 0, 0, 0, 0, 0, 0, 0, 0, 0, 0, 0\n0, 1, 0, 0, 0, 0, 0, 0, 0, 0, 0, 0, 0]"] ;
111 -> 112 ;
113 [label="X[1] <= -0.595\ngini = 0.5\nsamples = 2\nvalue = [0, 0, 0, 0, 0, 0, 0, 0, 0, 0, 0, 1, 0, 0\n0, 0, 0, 0, 0, 0, 0, 1, 0, 0, 0, 0, 0]"] ;
111 -> 113 ;
114 [label="gini = 0.0\nsamples = 1\nvalue = [0, 0, 0, 0, 0, 0, 0, 0, 0, 0, 0, 0, 0, 0\n0, 0, 0, 0, 0, 0, 0, 1, 0, 0, 0, 0, 0]"] ;
113 -> 114 ;
115 [label="gini = 0.0\nsamples = 1\nvalue = [0, 0, 0, 0, 0, 0, 0, 0, 0, 0, 0, 1, 0, 0\n0, 0, 0, 0, 0, 0, 0, 0, 0, 0, 0, 0, 0]"] ;
113 -> 115 ;
116 [label="X[4] <= 2.386\ngini = 0.562\nsamples = 8\nvalue = [0, 0, 0, 0, 0, 0, 0, 1, 0, 0, 0, 0, 5, 1\n1, 0, 0, 0, 0, 0, 0, 0, 0, 0, 0, 0, 0]"] ;
108 -> 116 ;
117 [label="X[5] <= -0.92\ngini = 0.449\nsamples = 7\nvalue = [0, 0, 0, 0, 0, 0, 0, 1, 0, 0, 0, 0, 5, 0\n1, 0, 0, 0, 0, 0, 0, 0, 0, 0, 0, 0, 0]"] ;
116 -> 117 ;
118 [label="gini = 0.0\nsamples = 3\nvalue = [0, 0, 0, 0, 0, 0, 0, 0, 0, 0, 0, 0, 3, 0\n0, 0, 0, 0, 0, 0, 0, 0, 0, 0, 0, 0, 0]"] ;
117 -> 118 ;
119 [label="X[0] <= -0.968\ngini = 0.625\nsamples = 4\nvalue = [0, 0, 0, 0, 0, 0, 0, 1, 0, 0, 0, 0, 2, 0\n1, 0, 0, 0, 0, 0, 0, 0, 0, 0, 0, 0, 0]"] ;
117 -> 119 ;
120 [label="gini = 0.0\nsamples = 2\nvalue = [0, 0, 0, 0, 0, 0, 0, 0, 0, 0, 0, 0, 2, 0\n0, 0, 0, 0, 0, 0, 0, 0, 0, 0, 0, 0, 0]"] ;
119 -> 120 ;
121 [label="X[4] <= 1.688\ngini = 0.5\nsamples = 2\nvalue = [0, 0, 0, 0, 0, 0, 0, 1, 0, 0, 0, 0, 0, 0\n1, 0, 0, 0, 0, 0, 0, 0, 0, 0, 0, 0, 0]"] ;
119 -> 121 ;
122 [label="gini = 0.0\nsamples = 1\nvalue = [0, 0, 0, 0, 0, 0, 0, 0, 0, 0, 0, 0, 0, 0\n1, 0, 0, 0, 0, 0, 0, 0, 0, 0, 0, 0, 0]"] ;
121 -> 122 ;
123 [label="gini = 0.0\nsamples = 1\nvalue = [0, 0, 0, 0, 0, 0, 0, 1, 0, 0, 0, 0, 0, 0\n0, 0, 0, 0, 0, 0, 0, 0, 0, 0, 0, 0, 0]"] ;
121 -> 123 ;
124 [label="gini = 0.0\nsamples = 1\nvalue = [0, 0, 0, 0, 0, 0, 0, 0, 0, 0, 0, 0, 0, 1\n0, 0, 0, 0, 0, 0, 0, 0, 0, 0, 0, 0, 0]"] ;
116 -> 124 ;
125 [label="X[5] <= 0.75\ngini = 0.903\nsamples = 19\nvalue = [0, 0, 0, 0, 1, 4, 2, 1, 1, 1, 0, 1, 0, 1\n2, 0, 0, 1, 0, 1, 0, 0, 1, 0, 0, 1, 1]"] ;
91 -> 125 ;
126 [label="X[4] <= 2.107\ngini = 0.741\nsamples = 9\nvalue = [0, 0, 0, 0, 0, 4, 1, 0, 1, 1, 0, 1, 0, 0\n0, 0, 0, 1, 0, 0, 0, 0, 0, 0, 0, 0, 0]"] ;
125 -> 126 ;
127 [label="X[5] <= -0.107\ngini = 0.688\nsamples = 8\nvalue = [0, 0, 0, 0, 0, 4, 0, 0, 1, 1, 0, 1, 0, 0\n0, 0, 0, 1, 0, 0, 0, 0, 0, 0, 0, 0, 0]"] ;
126 -> 127 ;
128 [label="gini = 0.0\nsamples = 1\nvalue = [0, 0, 0, 0, 0, 0, 0, 0, 0, 0, 0, 0, 0, 0\n0, 0, 0, 1, 0, 0, 0, 0, 0, 0, 0, 0, 0]"] ;
127 -> 128 ;
129 [label="X[3] <= 2.694\ngini = 0.612\nsamples = 7\nvalue = [0, 0, 0, 0, 0, 4, 0, 0, 1, 1, 0, 1, 0, 0\n0, 0, 0, 0, 0, 0, 0, 0, 0, 0, 0, 0, 0]"] ;
127 -> 129 ;
130 [label="X[0] <= -0.778\ngini = 0.5\nsamples = 6\nvalue = [0, 0, 0, 0, 0, 4, 0, 0, 0, 1, 0, 1, 0, 0\n0, 0, 0, 0, 0, 0, 0, 0, 0, 0, 0, 0, 0]"] ;
129 -> 130 ;
131 [label="gini = 0.0\nsamples = 3\nvalue = [0, 0, 0, 0, 0, 3, 0, 0, 0, 0, 0, 0, 0, 0\n0, 0, 0, 0, 0, 0, 0, 0, 0, 0, 0, 0, 0]"] ;
130 -> 131 ;
132 [label="X[2] <= 0.144\ngini = 0.667\nsamples = 3\nvalue = [0, 0, 0, 0, 0, 1, 0, 0, 0, 1, 0, 1, 0, 0\n0, 0, 0, 0, 0, 0, 0, 0, 0, 0, 0, 0, 0]"] ;
130 -> 132 ;
133 [label="gini = 0.0\nsamples = 1\nvalue = [0, 0, 0, 0, 0, 0, 0, 0, 0, 0, 0, 1, 0, 0\n0, 0, 0, 0, 0, 0, 0, 0, 0, 0, 0, 0, 0]"] ;
132 -> 133 ;
134 [label="X[1] <= 0.028\ngini = 0.5\nsamples = 2\nvalue = [0, 0, 0, 0, 0, 1, 0, 0, 0, 1, 0, 0, 0, 0\n0, 0, 0, 0, 0, 0, 0, 0, 0, 0, 0, 0, 0]"] ;
132 -> 134 ;
135 [label="gini = 0.0\nsamples = 1\nvalue = [0, 0, 0, 0, 0, 0, 0, 0, 0, 1, 0, 0, 0, 0\n0, 0, 0, 0, 0, 0, 0, 0, 0, 0, 0, 0, 0]"] ;
134 -> 135 ;
136 [label="gini = 0.0\nsamples = 1\nvalue = [0, 0, 0, 0, 0, 1, 0, 0, 0, 0, 0, 0, 0, 0\n0, 0, 0, 0, 0, 0, 0, 0, 0, 0, 0, 0, 0]"] ;
134 -> 136 ;
137 [label="gini = 0.0\nsamples = 1\nvalue = [0, 0, 0, 0, 0, 0, 0, 0, 1, 0, 0, 0, 0, 0\n0, 0, 0, 0, 0, 0, 0, 0, 0, 0, 0, 0, 0]"] ;
129 -> 137 ;
138 [label="gini = 0.0\nsamples = 1\nvalue = [0, 0, 0, 0, 0, 0, 1, 0, 0, 0, 0, 0, 0, 0\n0, 0, 0, 0, 0, 0, 0, 0, 0, 0, 0, 0, 0]"] ;
126 -> 138 ;
139 [label="X[2] <= 0.024\ngini = 0.88\nsamples = 10\nvalue = [0, 0, 0, 0, 1, 0, 1, 1, 0, 0, 0, 0, 0, 1\n2, 0, 0, 0, 0, 1, 0, 0, 1, 0, 0, 1, 1]"] ;
125 -> 139 ;
140 [label="X[2] <= -1.298\ngini = 0.72\nsamples = 5\nvalue = [0, 0, 0, 0, 0, 0, 1, 1, 0, 0, 0, 0, 0, 0\n2, 0, 0, 0, 0, 1, 0, 0, 0, 0, 0, 0, 0]"] ;
139 -> 140 ;
141 [label="X[5] <= 1.251\ngini = 0.5\nsamples = 2\nvalue = [0, 0, 0, 0, 0, 0, 1, 1, 0, 0, 0, 0, 0, 0\n0, 0, 0, 0, 0, 0, 0, 0, 0, 0, 0, 0, 0]"] ;
140 -> 141 ;
142 [label="gini = 0.0\nsamples = 1\nvalue = [0, 0, 0, 0, 0, 0, 0, 1, 0, 0, 0, 0, 0, 0\n0, 0, 0, 0, 0, 0, 0, 0, 0, 0, 0, 0, 0]"] ;
141 -> 142 ;
143 [label="gini = 0.0\nsamples = 1\nvalue = [0, 0, 0, 0, 0, 0, 1, 0, 0, 0, 0, 0, 0, 0\n0, 0, 0, 0, 0, 0, 0, 0, 0, 0, 0, 0, 0]"] ;
141 -> 143 ;
144 [label="X[4] <= 0.837\ngini = 0.444\nsamples = 3\nvalue = [0, 0, 0, 0, 0, 0, 0, 0, 0, 0, 0, 0, 0, 0\n2, 0, 0, 0, 0, 1, 0, 0, 0, 0, 0, 0, 0]"] ;
140 -> 144 ;
145 [label="gini = 0.0\nsamples = 1\nvalue = [0, 0, 0, 0, 0, 0, 0, 0, 0, 0, 0, 0, 0, 0\n0, 0, 0, 0, 0, 1, 0, 0, 0, 0, 0, 0, 0]"] ;
144 -> 145 ;
146 [label="gini = 0.0\nsamples = 2\nvalue = [0, 0, 0, 0, 0, 0, 0, 0, 0, 0, 0, 0, 0, 0\n2, 0, 0, 0, 0, 0, 0, 0, 0, 0, 0, 0, 0]"] ;
144 -> 146 ;
147 [label="X[2] <= 0.225\ngini = 0.8\nsamples = 5\nvalue = [0, 0, 0, 0, 1, 0, 0, 0, 0, 0, 0, 0, 0, 1\n0, 0, 0, 0, 0, 0, 0, 0, 1, 0, 0, 1, 1]"] ;
139 -> 147 ;
148 [label="gini = 0.0\nsamples = 1\nvalue = [0, 0, 0, 0, 1, 0, 0, 0, 0, 0, 0, 0, 0, 0\n0, 0, 0, 0, 0, 0, 0, 0, 0, 0, 0, 0, 0]"] ;
147 -> 148 ;
149 [label="X[2] <= 0.477\ngini = 0.75\nsamples = 4\nvalue = [0, 0, 0, 0, 0, 0, 0, 0, 0, 0, 0, 0, 0, 1\n0, 0, 0, 0, 0, 0, 0, 0, 1, 0, 0, 1, 1]"] ;
147 -> 149 ;
150 [label="gini = 0.0\nsamples = 1\nvalue = [0, 0, 0, 0, 0, 0, 0, 0, 0, 0, 0, 0, 0, 0\n0, 0, 0, 0, 0, 0, 0, 0, 0, 0, 0, 0, 1]"] ;
149 -> 150 ;
151 [label="X[0] <= 0.039\ngini = 0.667\nsamples = 3\nvalue = [0, 0, 0, 0, 0, 0, 0, 0, 0, 0, 0, 0, 0, 1\n0, 0, 0, 0, 0, 0, 0, 0, 1, 0, 0, 1, 0]"] ;
149 -> 151 ;
152 [label="gini = 0.0\nsamples = 1\nvalue = [0, 0, 0, 0, 0, 0, 0, 0, 0, 0, 0, 0, 0, 1\n0, 0, 0, 0, 0, 0, 0, 0, 0, 0, 0, 0, 0]"] ;
151 -> 152 ;
153 [label="X[5] <= 1.92\ngini = 0.5\nsamples = 2\nvalue = [0, 0, 0, 0, 0, 0, 0, 0, 0, 0, 0, 0, 0, 0\n0, 0, 0, 0, 0, 0, 0, 0, 1, 0, 0, 1, 0]"] ;
151 -> 153 ;
154 [label="gini = 0.0\nsamples = 1\nvalue = [0, 0, 0, 0, 0, 0, 0, 0, 0, 0, 0, 0, 0, 0\n0, 0, 0, 0, 0, 0, 0, 0, 1, 0, 0, 0, 0]"] ;
153 -> 154 ;
155 [label="gini = 0.0\nsamples = 1\nvalue = [0, 0, 0, 0, 0, 0, 0, 0, 0, 0, 0, 0, 0, 0\n0, 0, 0, 0, 0, 0, 0, 0, 0, 0, 0, 1, 0]"] ;
153 -> 155 ;
156 [label="X[3] <= -0.726\ngini = 0.904\nsamples = 36\nvalue = [2, 0, 0, 1, 0, 0, 2, 4, 5, 6, 3, 2, 0, 3\n2, 0, 3, 0, 1, 1, 1, 0, 0, 0, 0, 0, 0]"] ;
0 -> 156 [labeldistance=2.5, labelangle=-45, headlabel="False"] ;
157 [label="X[4] <= -0.897\ngini = 0.571\nsamples = 7\nvalue = [0, 0, 0, 0, 0, 0, 0, 0, 2, 4, 1, 0, 0, 0\n0, 0, 0, 0, 0, 0, 0, 0, 0, 0, 0, 0, 0]"] ;
156 -> 157 ;
158 [label="X[0] <= 1.862\ngini = 0.625\nsamples = 4\nvalue = [0, 0, 0, 0, 0, 0, 0, 0, 2, 1, 1, 0, 0, 0\n0, 0, 0, 0, 0, 0, 0, 0, 0, 0, 0, 0, 0]"] ;
157 -> 158 ;
159 [label="gini = 0.0\nsamples = 2\nvalue = [0, 0, 0, 0, 0, 0, 0, 0, 2, 0, 0, 0, 0, 0\n0, 0, 0, 0, 0, 0, 0, 0, 0, 0, 0, 0, 0]"] ;
158 -> 159 ;
160 [label="X[1] <= 2.035\ngini = 0.5\nsamples = 2\nvalue = [0, 0, 0, 0, 0, 0, 0, 0, 0, 1, 1, 0, 0, 0\n0, 0, 0, 0, 0, 0, 0, 0, 0, 0, 0, 0, 0]"] ;
158 -> 160 ;
161 [label="gini = 0.0\nsamples = 1\nvalue = [0, 0, 0, 0, 0, 0, 0, 0, 0, 0, 1, 0, 0, 0\n0, 0, 0, 0, 0, 0, 0, 0, 0, 0, 0, 0, 0]"] ;
160 -> 161 ;
162 [label="gini = 0.0\nsamples = 1\nvalue = [0, 0, 0, 0, 0, 0, 0, 0, 0, 1, 0, 0, 0, 0\n0, 0, 0, 0, 0, 0, 0, 0, 0, 0, 0, 0, 0]"] ;
160 -> 162 ;
163 [label="gini = 0.0\nsamples = 3\nvalue = [0, 0, 0, 0, 0, 0, 0, 0, 0, 3, 0, 0, 0, 0\n0, 0, 0, 0, 0, 0, 0, 0, 0, 0, 0, 0, 0]"] ;
157 -> 163 ;
164 [label="X[4] <= 0.234\ngini = 0.916\nsamples = 29\nvalue = [2, 0, 0, 1, 0, 0, 2, 4, 3, 2, 2, 2, 0, 3\n2, 0, 3, 0, 1, 1, 1, 0, 0, 0, 0, 0, 0]"] ;
156 -> 164 ;
165 [label="X[1] <= 0.84\ngini = 0.914\nsamples = 27\nvalue = [2, 0, 0, 1, 0, 0, 2, 4, 3, 2, 2, 2, 0, 1\n2, 0, 3, 0, 1, 1, 1, 0, 0, 0, 0, 0, 0]"] ;
164 -> 165 ;
166 [label="X[0] <= 0.819\ngini = 0.444\nsamples = 3\nvalue = [1, 0, 0, 0, 0, 0, 0, 0, 2, 0, 0, 0, 0, 0\n0, 0, 0, 0, 0, 0, 0, 0, 0, 0, 0, 0, 0]"] ;
165 -> 166 ;
167 [label="gini = 0.0\nsamples = 1\nvalue = [1, 0, 0, 0, 0, 0, 0, 0, 0, 0, 0, 0, 0, 0\n0, 0, 0, 0, 0, 0, 0, 0, 0, 0, 0, 0, 0]"] ;
166 -> 167 ;
168 [label="gini = 0.0\nsamples = 2\nvalue = [0, 0, 0, 0, 0, 0, 0, 0, 2, 0, 0, 0, 0, 0\n0, 0, 0, 0, 0, 0, 0, 0, 0, 0, 0, 0, 0]"] ;
166 -> 168 ;
169 [label="X[4] <= -0.914\ngini = 0.91\nsamples = 24\nvalue = [1, 0, 0, 1, 0, 0, 2, 4, 1, 2, 2, 2, 0, 1\n2, 0, 3, 0, 1, 1, 1, 0, 0, 0, 0, 0, 0]"] ;
165 -> 169 ;
170 [label="X[2] <= -0.114\ngini = 0.843\nsamples = 11\nvalue = [0, 0, 0, 0, 0, 0, 0, 1, 1, 0, 0, 2, 0, 1\n1, 0, 3, 0, 0, 1, 1, 0, 0, 0, 0, 0, 0]"] ;
169 -> 170 ;
171 [label="gini = 0.0\nsamples = 2\nvalue = [0, 0, 0, 0, 0, 0, 0, 0, 0, 0, 0, 0, 0, 0\n0, 0, 2, 0, 0, 0, 0, 0, 0, 0, 0, 0, 0]"] ;
170 -> 171 ;
172 [label="X[2] <= 0.482\ngini = 0.864\nsamples = 9\nvalue = [0, 0, 0, 0, 0, 0, 0, 1, 1, 0, 0, 2, 0, 1\n1, 0, 1, 0, 0, 1, 1, 0, 0, 0, 0, 0, 0]"] ;
170 -> 172 ;
173 [label="X[0] <= 0.913\ngini = 0.833\nsamples = 6\nvalue = [0, 0, 0, 0, 0, 0, 0, 1, 1, 0, 0, 0, 0, 1\n1, 0, 0, 0, 0, 1, 1, 0, 0, 0, 0, 0, 0]"] ;
172 -> 173 ;
174 [label="gini = 0.0\nsamples = 1\nvalue = [0, 0, 0, 0, 0, 0, 0, 0, 0, 0, 0, 0, 0, 0\n0, 0, 0, 0, 0, 0, 1, 0, 0, 0, 0, 0, 0]"] ;
173 -> 174 ;
175 [label="X[0] <= 1.195\ngini = 0.8\nsamples = 5\nvalue = [0, 0, 0, 0, 0, 0, 0, 1, 1, 0, 0, 0, 0, 1\n1, 0, 0, 0, 0, 1, 0, 0, 0, 0, 0, 0, 0]"] ;
173 -> 175 ;
176 [label="gini = 0.0\nsamples = 1\nvalue = [0, 0, 0, 0, 0, 0, 0, 0, 0, 0, 0, 0, 0, 0\n1, 0, 0, 0, 0, 0, 0, 0, 0, 0, 0, 0, 0]"] ;
175 -> 176 ;
177 [label="X[0] <= 1.506\ngini = 0.75\nsamples = 4\nvalue = [0, 0, 0, 0, 0, 0, 0, 1, 1, 0, 0, 0, 0, 1\n0, 0, 0, 0, 0, 1, 0, 0, 0, 0, 0, 0, 0]"] ;
175 -> 177 ;
178 [label="gini = 0.0\nsamples = 1\nvalue = [0, 0, 0, 0, 0, 0, 0, 1, 0, 0, 0, 0, 0, 0\n0, 0, 0, 0, 0, 0, 0, 0, 0, 0, 0, 0, 0]"] ;
177 -> 178 ;
179 [label="X[5] <= -0.896\ngini = 0.667\nsamples = 3\nvalue = [0, 0, 0, 0, 0, 0, 0, 0, 1, 0, 0, 0, 0, 1\n0, 0, 0, 0, 0, 1, 0, 0, 0, 0, 0, 0, 0]"] ;
177 -> 179 ;
180 [label="gini = 0.0\nsamples = 1\nvalue = [0, 0, 0, 0, 0, 0, 0, 0, 0, 0, 0, 0, 0, 1\n0, 0, 0, 0, 0, 0, 0, 0, 0, 0, 0, 0, 0]"] ;
179 -> 180 ;
181 [label="X[5] <= -0.163\ngini = 0.5\nsamples = 2\nvalue = [0, 0, 0, 0, 0, 0, 0, 0, 1, 0, 0, 0, 0, 0\n0, 0, 0, 0, 0, 1, 0, 0, 0, 0, 0, 0, 0]"] ;
179 -> 181 ;
182 [label="gini = 0.0\nsamples = 1\nvalue = [0, 0, 0, 0, 0, 0, 0, 0, 1, 0, 0, 0, 0, 0\n0, 0, 0, 0, 0, 0, 0, 0, 0, 0, 0, 0, 0]"] ;
181 -> 182 ;
183 [label="gini = 0.0\nsamples = 1\nvalue = [0, 0, 0, 0, 0, 0, 0, 0, 0, 0, 0, 0, 0, 0\n0, 0, 0, 0, 0, 1, 0, 0, 0, 0, 0, 0, 0]"] ;
181 -> 183 ;
184 [label="X[5] <= -0.414\ngini = 0.444\nsamples = 3\nvalue = [0, 0, 0, 0, 0, 0, 0, 0, 0, 0, 0, 2, 0, 0\n0, 0, 1, 0, 0, 0, 0, 0, 0, 0, 0, 0, 0]"] ;
172 -> 184 ;
185 [label="gini = 0.0\nsamples = 1\nvalue = [0, 0, 0, 0, 0, 0, 0, 0, 0, 0, 0, 0, 0, 0\n0, 0, 1, 0, 0, 0, 0, 0, 0, 0, 0, 0, 0]"] ;
184 -> 185 ;
186 [label="gini = 0.0\nsamples = 2\nvalue = [0, 0, 0, 0, 0, 0, 0, 0, 0, 0, 0, 2, 0, 0\n0, 0, 0, 0, 0, 0, 0, 0, 0, 0, 0, 0, 0]"] ;
184 -> 186 ;
187 [label="X[2] <= 1.428\ngini = 0.852\nsamples = 13\nvalue = [1, 0, 0, 1, 0, 0, 2, 3, 0, 2, 2, 0, 0, 0\n1, 0, 0, 0, 1, 0, 0, 0, 0, 0, 0, 0, 0]"] ;
169 -> 187 ;
188 [label="X[1] <= 1.11\ngini = 0.79\nsamples = 9\nvalue = [1, 0, 0, 1, 0, 0, 2, 3, 0, 1, 0, 0, 0, 0\n0, 0, 0, 0, 1, 0, 0, 0, 0, 0, 0, 0, 0]"] ;
187 -> 188 ;
189 [label="gini = 0.0\nsamples = 2\nvalue = [0, 0, 0, 0, 0, 0, 0, 2, 0, 0, 0, 0, 0, 0\n0, 0, 0, 0, 0, 0, 0, 0, 0, 0, 0, 0, 0]"] ;
188 -> 189 ;
190 [label="X[3] <= -0.336\ngini = 0.816\nsamples = 7\nvalue = [1, 0, 0, 1, 0, 0, 2, 1, 0, 1, 0, 0, 0, 0\n0, 0, 0, 0, 1, 0, 0, 0, 0, 0, 0, 0, 0]"] ;
188 -> 190 ;
191 [label="X[4] <= -0.899\ngini = 0.444\nsamples = 3\nvalue = [0, 0, 0, 0, 0, 0, 2, 1, 0, 0, 0, 0, 0, 0\n0, 0, 0, 0, 0, 0, 0, 0, 0, 0, 0, 0, 0]"] ;
190 -> 191 ;
192 [label="gini = 0.0\nsamples = 1\nvalue = [0, 0, 0, 0, 0, 0, 0, 1, 0, 0, 0, 0, 0, 0\n0, 0, 0, 0, 0, 0, 0, 0, 0, 0, 0, 0, 0]"] ;
191 -> 192 ;
193 [label="gini = 0.0\nsamples = 2\nvalue = [0, 0, 0, 0, 0, 0, 2, 0, 0, 0, 0, 0, 0, 0\n0, 0, 0, 0, 0, 0, 0, 0, 0, 0, 0, 0, 0]"] ;
191 -> 193 ;
194 [label="X[3] <= 0.151\ngini = 0.75\nsamples = 4\nvalue = [1, 0, 0, 1, 0, 0, 0, 0, 0, 1, 0, 0, 0, 0\n0, 0, 0, 0, 1, 0, 0, 0, 0, 0, 0, 0, 0]"] ;
190 -> 194 ;
195 [label="gini = 0.0\nsamples = 1\nvalue = [0, 0, 0, 0, 0, 0, 0, 0, 0, 0, 0, 0, 0, 0\n0, 0, 0, 0, 1, 0, 0, 0, 0, 0, 0, 0, 0]"] ;
194 -> 195 ;
196 [label="X[0] <= 1.157\ngini = 0.667\nsamples = 3\nvalue = [1, 0, 0, 1, 0, 0, 0, 0, 0, 1, 0, 0, 0, 0\n0, 0, 0, 0, 0, 0, 0, 0, 0, 0, 0, 0, 0]"] ;
194 -> 196 ;
197 [label="gini = 0.0\nsamples = 1\nvalue = [0, 0, 0, 0, 0, 0, 0, 0, 0, 1, 0, 0, 0, 0\n0, 0, 0, 0, 0, 0, 0, 0, 0, 0, 0, 0, 0]"] ;
196 -> 197 ;
198 [label="X[2] <= 0.334\ngini = 0.5\nsamples = 2\nvalue = [1, 0, 0, 1, 0, 0, 0, 0, 0, 0, 0, 0, 0, 0\n0, 0, 0, 0, 0, 0, 0, 0, 0, 0, 0, 0, 0]"] ;
196 -> 198 ;
199 [label="gini = 0.0\nsamples = 1\nvalue = [1, 0, 0, 0, 0, 0, 0, 0, 0, 0, 0, 0, 0, 0\n0, 0, 0, 0, 0, 0, 0, 0, 0, 0, 0, 0, 0]"] ;
198 -> 199 ;
200 [label="gini = 0.0\nsamples = 1\nvalue = [0, 0, 0, 1, 0, 0, 0, 0, 0, 0, 0, 0, 0, 0\n0, 0, 0, 0, 0, 0, 0, 0, 0, 0, 0, 0, 0]"] ;
198 -> 200 ;
201 [label="X[0] <= 1.183\ngini = 0.625\nsamples = 4\nvalue = [0, 0, 0, 0, 0, 0, 0, 0, 0, 1, 2, 0, 0, 0\n1, 0, 0, 0, 0, 0, 0, 0, 0, 0, 0, 0, 0]"] ;
187 -> 201 ;
202 [label="X[4] <= -0.825\ngini = 0.444\nsamples = 3\nvalue = [0, 0, 0, 0, 0, 0, 0, 0, 0, 0, 2, 0, 0, 0\n1, 0, 0, 0, 0, 0, 0, 0, 0, 0, 0, 0, 0]"] ;
201 -> 202 ;
203 [label="gini = 0.0\nsamples = 2\nvalue = [0, 0, 0, 0, 0, 0, 0, 0, 0, 0, 2, 0, 0, 0\n0, 0, 0, 0, 0, 0, 0, 0, 0, 0, 0, 0, 0]"] ;
202 -> 203 ;
204 [label="gini = 0.0\nsamples = 1\nvalue = [0, 0, 0, 0, 0, 0, 0, 0, 0, 0, 0, 0, 0, 0\n1, 0, 0, 0, 0, 0, 0, 0, 0, 0, 0, 0, 0]"] ;
202 -> 204 ;
205 [label="gini = 0.0\nsamples = 1\nvalue = [0, 0, 0, 0, 0, 0, 0, 0, 0, 1, 0, 0, 0, 0\n0, 0, 0, 0, 0, 0, 0, 0, 0, 0, 0, 0, 0]"] ;
201 -> 205 ;
206 [label="gini = 0.0\nsamples = 2\nvalue = [0, 0, 0, 0, 0, 0, 0, 0, 0, 0, 0, 0, 0, 2\n0, 0, 0, 0, 0, 0, 0, 0, 0, 0, 0, 0, 0]"] ;
164 -> 206 ;
}